1          2            267          387          95,3          2616,7
1          2            291          341          95,2          2852,3
1          3            195          429          95,1          1925,7
1          3            192          449          95,5          1897,3
1          4            190          584          95,4          1882,1
1          4            208          524          95,2          2053
1          5            151          736          95          1687,5
1          5            181          840          95,9          1830,2
1          6            167          1100          96,2          1590,8
1          6            151          1011          95,3          1480,2
1          7            118          1245          95,8          1159,1
1          7            119          1199          95,8          1168,4
1          8            115          1376          96          1130,8
1          8            116          1536          96,2          1136,6
1          9            111          1376          96          1130,8
1          9            107          1536          96,2          1136,6
1          10            103          1376          96          1130,8
1          10            106          1536          96,2          1136,6
2          2            164          481          96,4          1627,9
2          2            199          440          97,5          1961
2          3            150          586          96,3          1480,2
2          3            149          609          95,2          1475,9
2          4            146          800          95,7          1635,8
2          4            158          747          95,7          1637,1
2          5            137          1053          95,1          1247,4
2          5            137          968          95,1          1241,9
2          6            128          1389          98,6          1239,9
2          6            128          1238          98,6          1216,8
2          7            149          1491          98,4          1419,3
2          7            150          2108          95,3          1519,1
2          8            144          2494          97,1          1370,2
2          8            143          2346          95,4          1383,7
2          9            134          2494          97,1          1370,2
2          9            143          2346          95,4          1383,7
2          10            141          2494          97,1          1370,2
2          10            133          2346          95,4          1383,7
3          2            229          449          95,2          2264,1
3          2            217          446          95,2          2144,1
3          3            156          736          95          1525
3          3            167          638          95,3          1645,3
3          4            123          775          95          1196,5
3          4            143          1025          95          1360,8
3          5            109          1361          95,6          1061,8
3          5            106          1342          95          1030
3          6            103          1692          95,2          986,6
3          6            102          1772          95,4          996,5
3          7            102          2328          95,2          964
3          7            110          2611          95,3          1043,4
3          8            98          4067          95          955,7
3          8            100          6403          95,3          978,8
3          9            98          4067          95          955,7
3          9            94          6403          95,3          978,8
3          10            93          4067          95          955,7
3          10            91          6403          95,3          978,8
4          2            182          2429          59,6          3946,3
4          2            178          3269          59,6          4036,1
4          3            111          1841          95,7          1089,2
4          3            78          1718          95,6          765,8
4          4            93          1886          95,1          905,2
4          4            91          1788          95          882
4          5            70          2549          96          678,5
4          5            81          2288          95,7          789,6
4          6            49          3018          96          466,6
4          6            72          2654          95,4          696,1
4          7            59          3354          95,7          565,5
4          7            54          2985          96,1          499,3
4          8            64          3369          95,2          688,5
4          8            59          3011          95,9          768,1
4          9            54          3369          95,2          688,5
4          9            59          3011          95,9          768,1
4          10            61          3369          95,2          688,5
4          10            59          3011          95,9          768,1
5          2            430          383          95,1          4271,3
5          2            419          384          95,1          4165,5
5          3            334          508          95,2          3319
5          3            305          514          95,2          3025,5
5          4            204          619          95,1          2014,8
5          4            283          632          95,7          2807,7
5          5            214          781          95,3          2618,7
5          5            192          779          95,4          3299,5
5          6            230          887          95,1          2274
5          6            212          963          95,5          2098,2
5          7            165          1206          95,2          1627,4
5          7            179          1989          95          1736,4
5          8            160          2717          95,1          1780,3
5          8            161          3323          95,1          1786,4
5          9            150          2717          95,1          1780,3
5          9            157          3323          95,1          1786,4
5          10            132          2717          95,1          1780,3
5          10            151          3323          95,1          1786,4
6          2            181          1748          95,1          1789,1
6          2            181          1690          95,1          1789,1
6          3            154          2740          95,1          1367,4
6          3            116          3748          97          1132
6          4            99          7920          95,2          927,8
6          4            99          7920          95,2          927,8
6          5            99          7920          95,2          927,8
6          5            87          7920          95,2          927,8
6          6            91          7920          95,2          927,8
6          6            90          7920          95,2          927,8
6          7            79          7920          95,2          927,8
6          7            74          7920          95,2          927,8
6          8            78          7920          95,2          927,8
6          8            62          7920          95,2          927,8
6          9            74          7920          95,2          927,8
6          9            58          7920          95,2          927,8
6          10            61          7920          95,2          927,8
6          10            53          7920          95,2          927,8
