1 BaseStation 460 100 0.0 0 3000 1000 BaseStation 1 1
2 A 370 110 1.57 200 500 1000 Explorer 1 1
3 B 390 110 1.57 200 500 1000 Explorer 1 1
4 C 410 110 1.57 200 500 1000 Explorer 1 1
5 D 430 110 1.57 200 500 1000 Explorer 1 1
6 E 450 110 1.57 200 500 1000 Explorer 1 1
7 F 470 110 1.57 200 500 1000 Explorer 1 1
8 G 490 110 1.57 200 500 1000 Explorer 1 1
9 H 510 110 1.57 200 500 1000 Explorer 1 1
10 I 530 110 1.57 200 500 1000 Explorer 1 1
11 L 550 110 1.57 200 500 1000 Explorer 1 1
12 M 570 110 1.57 200 500 1000 Explorer 1 1