1          2            294          333          98,1          2917,8
1          2            294          307          98,1          2915,9
1          2            301          307          98,1          2989,3
1          2            294          315          98,1          2918,5
1          2            297          304          98,4          2947,1
1          3            183          506          96,1          1796,3
1          3            181          528          95,2          1772,9
1          3            179          482          95          1764,2
1          3            183          527          95,2          1804,6
1          3            185          516          95,2          1821,6
1          4            186          625          95,2          1734
1          4            187          559          95,1          1844,8
1          4            151          607          95,9          1783,5
1          4            152          640          95,6          1595,6
1          4            154          726          96          1644,9
1          5            131          1980          95,5          1005,2
1          5            112          926          96,6          1088,8
1          5            112          814          95,3          1080,1
1          5            168          787          95,3          1636,9
1          5            180          800          95,2          1773,5
1          6            152          1059          96,1          1473,8
1          6            133          1089          95,7          1290,3
1          6            146          1033          95,1          1406
1          6            134          1164          95,6          1303,3
1          6            146          1105          95,4          1427,1
1          7            103          1352          95,8          1097,8
1          7            104          1211          96,2          1007,5
1          7            130          1206          95,7          1268
1          7            106          1243          95,9          1014,9
1          7            103          1247          95,2          1101,7
1          8            86          1442          95,1          831
1          8            85          1421          95,2          927,7
1          8            104          1355          95,3          918,6
1          8            105          1366          96          1029,7
1          8            84          1909          95,1          918,6
1          9            103          2557          96          1005,3
1          9            109          2654          96,1          1066,4
1          9            104          2781          96,2          1013
1          9            84          300673          95,1          916,9
1          9            110          5380          96,1          1077,2
1          10            69          22451          95,8          753,3
1          10            69          22451          95,8          753,3
1          10            73          22451          95,8          753,3
1          10            72          22451          95,8          753,3
1          10            89          22451          95,8          753,3
2          2            219          504          98,6          2874,9
2          2            218          447          98,6          2874,9
2          2            209          434          98,6          2874,9
2          2            210          419          98,6          2874,9
2          2            219          413          98,6          2874,9
2          3            147          735          97,5          1445,8
2          3            145          751          95,4          1424,3
2          3            149          659          95,4          1656,6
2          3            141          708          95,7          1487,6
2          3            148          721          97,7          1457,3
2          4            146          999          95,1          1728,8
2          4            143          1007          98,5          1890
2          4            147          950          96,7          1933,4
2          4            146          919          96,7          1921,3
2          4            147          992          96,7          1934,5
2          5            143          1339          95          1292,3
2          5            142          1323          96,7          1363
2          5            145          1500          96,1          1296,7
2          5            145          1450          96,1          1278
2          5            145          1436          96,1          1298,9
2          6            137          1643          95,2          1323,6
2          6            157          1536          95,8          1527
2          6            156          1530          95,1          1477,4
2          6            158          1505          95,1          1501,1
2          6            157          1464          95,3          1519,5
2          7            148          2211          97,8          1511,4
2          7            149          2096          95,1          1522,9
2          7            150          2053          97,7          1513,6
2          7            147          2165          95,9          1475,3
2          7            146          2059          97,8          1453,5
2          8            147          2468          95,1          1396,5
2          8            130          3649          98,3          1190,7
2          8            170          16668          95,9          1584,1
2          8            134          4227          97,7          1235,6
2          8            132          4903          95,1          1251,6
2          9            174          6816          96,4          1625,4
2          9            142          12308          95,8          1318,2
2          9            131          2102          95,1          1320,3
2          9            133          2821          95,1          1364,2
2          9            131          2890          97,8          1445,9
2          9            137          3020          95          1353,1
2          9            132          3109          96,8          1238,1
2          10            125          3387          95,1          1508,4
2          10            133          3931          98,2          1391,8
2          10            139          3704          97,9          1431,2
2          10            140          3623          95          1619,3
2          10            133          3461          95,9          1519,2
3          2            170          699          62,5          3895,4
3          2            163          412          62,2          4067,6
3          2            173          684          58,6          3927,7
3          2            168          752          63,4          4004,1
3          2            163          1214          66,4          4006,7
3          3            180          620          95,1          2073,8
3          3            150          644          95,4          1564,8
3          3            130          613          95,1          1265,3
3          3            143          545          95,5          2395,1
3          3            146          568          95,1          1422,9
3          4            109          865          95,3          1302,7
3          4            106          981          95          1379
3          4            107          888          95          1757,1
3          4            100          1037          95,2          1304,8
3          4            99          1002          95,1          1038,5
3          5            98          1113          95          940
3          5            101          1244          95          1269,4
3          5            99          1651          95,3          900,8
3          5            105          1456          95,2          1084,6
3          5            95          1517          95,1          916
3          6            100          2724          95,4          1921
3          6            92          3541          95,1          2787,5
3          6            90          20395          94,4          3950,7
3          6            87          6657          95,2          2153,2
3          6            103          23398          95          2620,8
3          7            82          1460          95,3          890,8
3          7            82          1368          95,6          898,8
3          7            81          2237          95,5          889,9
3          7            87          1615          95,3          896,8
3          7            79          1585          95,1          942,5
3          8            79          1952          95,3          864,3
3          8            79          1896          95,1          861,7
3          8            76          1977          95,2          835,2
3          8            82          1801          95          894,4
3          8            81          1870          95,1          884,1
3          9            64          2246          95,8          614
3          9            71          2369          95,1          678,8
3          9            73          2220          95,1          799,2
3          9            75          2178          95,2          716,1
3          9            71          2215          95,5          772,6
3          10            71          2630          95,5          700,8
3          10            67          2635          95          637,8
3          10            63          2589          95,2          651,3
3          10            71          3358          95,2          680,5
3          10            65          3866          95,4          718,3
4          2            101          1181          95,9          986,2
4          2            103          821          95,9          989,4
4          2            198          1181          95,9          986,2
4          2            107          821          95,9          989,4
4          2            101          1181          95,9          986,2
4          2            101          821          95,9          989,4
4          3            62          1578          95,7          636,4
4          3            69          1392          96          641,8
4          3            62          1578          95,7          636,4
4          3            69          1392          96          641,8
4          3            62          1578          95,7          636,4
4          3            69          1392          96          641,8
4          4            51          2041          95,1          471,5
4          4            42          1383          95,1          471,5
4          4            51          2041          95,1          471,5
4          4            42          1383          95,1          471,5
4          4            51          2041          95,1          471,5
4          4            42          1383          95,1          471,5
4          4            51          2041          95,1          471,5
4          4            42          1383          95,1          471,5
4          5            44          2246          95,4          421
4          5            42          2023          95,1          399,2
4          5            44          2246          95,4          421
4          5            42          2023          95,1          399,2
4          5            44          2246          95,4          421
4          5            42          2023          95,1          399,2
4          6            33          2480          95,3          410,5
4          6            38          2183          95,9          559,5
4          6            33          2480          95,3          410,5
4          6            38          2183          95,9          559,5
4          6            33          2480          95,3          410,5
4          6            38          2183          95,9          559,5
4          6            33          2480          95,3          410,5
4          6            38          2183          95,9          559,5
4          7            35          2624          95,2          398,9
4          7            38          2367          95,2          400,5
4          7            35          2624          95,2          398,9
4          7            38          2367          95,2          400,5
4          7            35          2624          95,2          398,9
4          7            38          2367          95,2          400,5
4          7            35          2624          95,2          398,9
4          7            38          2367          95,2          400,5
4          8            33          2966          95,5          547,5
4          8            41          2646          95,9          548,8
4          8            33          2966          95,5          547,5
4          8            41          2646          95,9          548,8
4          8            33          2966          95,5          547,5
4          8            41          2646          95,9          548,8
4          9            31          2966          95,5          547,5
4          9            26          2646          95,9          548,8
4          9            33          2966          95,5          547,5
4          9            27          2646          95,9          548,8
4          9            31          2966          95,5          547,5
4          9            26          2646          95,9          548,8
4          10            27          2966          95,5          547,5
4          10            26          2646          95,9          548,8
4          10            27          2966          95,5          547,5
4          10            26          2646          95,9          548,8
4          10            27          2966          95,5          547,5
4          10            26          2646          95,9          548,8
5          2            358          331          95          3607,2
5          2            366          320          95          3607,2
5          2            362          331          95          3607,2
5          2            359          320          95          3607,2
5          2            353          331          95          3607,2
5          2            362          320          95          3607,2
5          3            217          492          95,7          2052
5          3            213          481          95,7          2052
5          3            210          492          95,7          2052
5          3            213          481          95,7          2052
5          3            221          492          95,7          2052
5          3            211          481          95,7          2052
5          4            221          588          95,5          2282
5          4            203          595          95          2209,3
5          4            201          588          95,5          2282
5          4            203          595          95          2209,3
5          4            201          588          95,5          2282
5          4            203          595          95          2209,3
5          5            194          1055          95,2          1432,7
5          5            176          863          95,1          2239
5          5            178          1055          95,2          1432,7
5          5            186          863          95,1          2239
5          5            186          1055          95,2          1432,7
5          5            180          863          95,1          2239
5          5            173          1055          95,2          1432,7
5          5            190          863          95,1          2239
5          6            143          1016          95,5          1507,3
5          6            138          1135          95,6          1448,8
5          6            143          1016          95,5          1507,3
5          6            138          1135          95,6          1448,8
5          6            143          1016          95,5          1507,3
5          6            148          1135          95,6          1448,8
5          7            130          1274          95,2          1370,2
5          7            155          1730          95,5          1728,4
5          7            142          1274          95,2          1370,2
5          7            145          1730          95,5          1728,4
5          7            140          1274          95,2          1370,2
5          7            145          1730          95,5          1728,4
5          8            143          2663          95,7          1503
5          8            122          3162          95,6          1285,4
5          8            143          2663          95,7          1503
5          8            128          3162          95,6          1285,4
5          8            143          2663          95,7          1503
5          8            132          3162          95,6          1285,4
5          9            136          2663          95,7          1503
5          9            131          3162          95,6          1285,4
5          9            136          2663          95,7          1503
5          9            131          3162          95,6          1285,4
5          9            136          2663          95,7          1503
5          9            131          3162          95,6          1285,4
5          10            126          2663          95,7          1503
5          10            132          3162          95,6          1285,4
5          10            136          2663          95,7          1503
5          10            132          3162          95,6          1285,4
5          10            126          2663          95,7          1503
5          10            132          3162          95,6          1285,4
6          2            233          1149          95          2313,3
6          2            227          1204          95          2313,3
6          2            238          1149          95          2313,3
6          2            233          1204          95          2313,3
6          2            226          1149          95          2313,3
6          2            233          1204          95          2313,3
6          3            132          2047          95,2          1558,2
6          3            126          2534          95,2          926,5
6          3            160          2047          95,2          1558,2
6          3            96          2534          95,2          926,5
6          3            133          2047          95,2          1558,2
6          3            116          2534          95,2          926,5
6          4            98          8310          95          959,8
6          4            112          1180          97,7          1074,1
6          4            83          1238          95          802,1
6          4            98          8310          95          959,8
6          4            112          1180          97,7          1074,1
6          4            83          1238          95          802,1
6          5            87          1630          95,3          840,5
6          5            89          1543          95,6          867
6          5            87          1630          95,3          840,5
6          5            89          1543          95,6          867
6          5            87          1630          95,3          840,5
6          5            89          1543          95,6          867
6          6            80          1719          95          874,1
6          6            82          1682          95          895,9
6          6            79          1719          95          874,1
6          6            82          1682          95          895,9
6          6            77          1719          95          874,1
6          6            82          1682          95          895,9
6          7            72          2237          95,2          690,2
6          7            73          2135          95,6          710,5
6          7            67          2237          95,2          690,2
6          7            63          2135          95,6          710,5
6          7            62          2237          95,2          690,2
6          7            63          2135          95,6          710,5
6          8            62          2540          95          706,7
6          8            60          2778          95,5          678,1
6          8            62          2540          95          706,7
6          8            66          2778          95,5          678,1
6          8            61          2540          95          706,7
6          8            66          2778          95,5          678,1
6          9            63          2540          95          706,7
6          9            59          2778          95,5          678,1
6          9            58          2540          95          706,7
6          9            61          2778          95,5          678,1
6          9            61          2540          95          706,7
6          9            66          2778          95,5          678,1
6          10            58          2540          95          706,7
6          10            58          2778          95,5          678,1
6          10            62          2540          95          706,7
6          10            53          2778          95,5          678,1
6          10            55          2540          95          706,7
6          10            51          2778          95,5          678,1
