1          2            214          426          95,3          2096,1
1          2            212          417          95,2          2063,3
1          3            6          219          9,7          30,1
1          3            6          217          9,7          29,8
1          4            8          331          10,1          40,4
1          4            137          657          95,2          1333,7
1          5            6          382          11,2          30
1          5            133          910          95,5          1294,8
1          6            115          1111          96          1115,1
1          6            108          1077          95,1          1039,2
1          7            3          670          16,2          10
1          7            3          577          16,2          10
1          8            3          771          16,9          10
1          8            3          734          16,9          10
2          2            10          208          6,6          59,5
2          2            5          156          6,6          19,9
2          3            6          228          6,6          25
2          3            159          685          99,2          1547,1
2          4            16          326          6,6          104,9
2          4            11          342          6,6          64,7
2          5            6          399          6,7          23,6
2          5            141          975          98,6          1373,8
2          6            12          481          6,9          66
2          6            14          497          6,9          87,2
2          7            15          619          7,3          88,5
2          7            15          770          7,3          95,5
2          8            142          1649          95,4          1366,4
2          8            13          723          7,3          92,7
3          2            190          431          95,4          1857,5
3          2            204          422          95,2          1982,8
3          3            141          633          95,5          1374,8
3          3            118          601          95,2          1133,4
3          4            117          698          95,2          1114,4
3          4            115          699          95,5          1072,2
3          5            97          923          95,5          901,4
3          5            130          935          95          1240,6
3          6            98          1269          95          929,4
3          6            105          1183          95,7          1000,9
3          7            96          1477          95,3          919,7
3          7            93          1482          95,6          890
3          8            3          811          15,8          10
3          8            3          806          15,8          10
4          2            86          1405          95,5          815,2
4          2            102          1258          95,4          970,8
4          3            106          1405          95,4          1017,6
4          3            66          1741          95,3          613,5
4          4            68          1858          96          644,2
4          4            67          1796          95,5          627,1
4          5            71          2228          95,5          671,7
4          5            45          2584          95,8          417,3
4          6            62          2179          67,2          588,2
4          6            54          3020          95,4          507,8
4          7            81          2799          95,2          770,3
4          7            52          3029          96          478,8
4          8            3          3654          30,9          10
4          8            3          2997          30,9          10
5          2            270          574          95          2665,5
5          2            257          574          95          2536,3
5          3            232          837          95,9          2281,6
5          3            220          853          95          2163,2
5          4            212          1153          95,6          2090,5
5          4            185          1145          95          1808,8
5          5            199          1573          97,9          1931,8
5          5            159          1621          95,1          1531,2
5          6            3          1897          13,9          9,9
5          6            3          1831          13,9          9,9
5          7            3          629          14,5          9,9
5          7            3          626          14,3          9,9
5          8            3          2150          13,8          9,9
5          8            3          2089          13,8          9,9
6          2            170          1381          95,7          1642,6
6          2            132          1747          95,2          1232,6
6          3            91          3252          96,1          847,7
6          3            100          3945          95,2          948,2
6          4            3          7916          18,2          10
6          4            3          7945          18,2          10
6          5            92          1669          95,3          827,9
6          5            86          2022          95          782,3
6          6            3          1038          19,1          10
6          6            3          939          19,1          10
6          7            3          2077          22,1          10
6          7            3          1216          22,2          10
6          8            3          1577          22,7          10
6          8            3          1458          22,8          10
