1          2            237          379          95,2          1977,5
1          2            249          365          95          2745,2
1          2            248          379          95,2          1977,5
1          2            248          365          95          2745,2
1          2            247          379          95,2          1977,5
1          2            236          365          95          2745,2
1          3            195          444          95,1          1925,7
1          3            188          458          95          1853,3
1          3            195          444          95,1          1925,7
1          3            188          458          95          1853,3
1          3            195          444          95,1          1925,7
1          3            188          458          95          1853,3
1          4            189          519          98,4          1631,9
1          4            181          614          95,7          1692,5
1          4            189          519          98,4          1631,9
1          4            176          614          95,7          1692,5
1          4            175          519          98,4          1631,9
1          4            171          614          95,7          1692,5
1          5            154          727          96,1          1411,4
1          5            160          975          95,1          1391,2
1          5            154          727          96,1          1411,4
1          5            160          975          95,1          1391,2
1          5            154          727          96,1          1411,4
1          5            160          975          95,1          1391,2
1          6            140          824          95,3          937,3
1          6            147          833          95,3          937,3
1          6            140          824          95,3          937,3
1          6            147          833          95,3          937,3
1          6            140          824          95,3          937,3
1          6            147          833          95,3          937,3
1          7            129          947          95,8          992,3
1          7            130          1007          96,3          993,5
1          7            129          947          95,8          992,3
1          7            130          1007          96,3          993,5
1          7            129          947          95,8          992,3
1          7            130          1007          96,3          993,5
1          8            123          1284          95,2          1189,8
1          8            119          1391          96          1077,9
1          8            123          1284          95,2          1189,8
1          8            119          1391          96          1077,9
1          8            123          1284          95,2          1189,8
1          8            119          1391          96          1077,9
1          9            119          1284          95,2          1189,8
1          9            122          1391          96          1077,9
1          9            119          1284          95,2          1189,8
1          9            122          1391          96          1077,9
1          9            119          1284          95,2          1189,8
1          9            122          1391          96          1077,9
1          10            113          1284          95,2          1189,8
1          10            109          1391          96          1077,9
1          10            113          1284          95,2          1189,8
1          10            109          1391          96          1077,9
1          10            113          1284          95,2          1189,8
1          10            109          1391          96          1077,9
2          2            199          499          97,5          1961
2          2            199          443          97,5          1960,7
2          2            199          499          97,5          1961
2          2            199          443          97,5          1960,7
2          2            199          499          97,5          1961
2          2            199          443          97,5          1960,7
2          2            199          499          97,5          1961
2          2            199          443          97,5          1960,7
2          3            150          608          96,3          1479,9
2          3            150          589          96,3          1479,9
2          3            150          608          96,3          1479,9
2          3            150          589          96,3          1479,9
2          3            150          608          96,3          1479,9
2          3            150          589          96,3          1479,9
2          4            152          784          98,5          1699,9
2          4            156          843          95,7          1635,9
2          4            152          784          98,5          1699,9
2          4            156          843          95,7          1635,9
2          4            152          784          98,5          1699,9
2          4            156          843          95,7          1635,9
2          5            147          982          95,1          1227,2
2          5            142          1010          95,1          1227,2
2          5            147          982          95,1          1227,2
2          5            142          1010          95,1          1227,2
2          5            147          982          95,1          1227,2
2          5            142          1010          95,1          1227,2
2          6            140          961          96,3          985,3
2          6            138          917          98,6          839,3
2          6            140          961          96,3          985,3
2          6            138          917          98,6          839,3
2          6            140          961          96,3          985,3
2          6            138          917          98,6          839,3
2          7            135          1326          95,1          1312,6
2          7            147          1108          95,5          853
2          7            135          1326          95,1          1312,6
2          7            147          1108          95,5          853
2          7            135          1326          95,1          1312,6
2          7            147          1108          95,5          853
2          8            142          1411          95,9          1051,3
2          8            153          1085          95,3          605,6
2          8            142          1411          95,9          1051,3
2          8            153          1085          95,3          605,6
2          8            142          1411          95,9          1051,3
2          8            153          1085          95,3          605,6
2          9            132          1411          95,9          1051,3
2          9            133          1085          95,3          605,6
2          9            132          1411          95,9          1051,3
2          9            133          1085          95,3          605,6
2          9            132          1411          95,9          1051,3
2          9            133          1085          95,3          605,6
2          10            132          1411          95,9          1051,3
2          10            136          1085          95,3          605,6
2          10            132          1411          95,9          1051,3
2          10            136          1085          95,3          605,6
2          10            132          1411          95,9          1051,3
2          10            136          1085          95,3          605,6
3          2            195          454          95          1621,4
3          2            213          418          95,1          2605,6
3          2            195          454          95          1621,4
3          2            213          418          95,1          2605,6
3          2            195          454          95          1621,4
3          2            213          418          95,1          2605,6
3          2            195          454          95          1621,4
3          2            213          418          95,1          2605,6
3          3            206          546          95,1          2433,2
3          3            212          546          95,1          2199,6
3          3            206          546          95,1          2433,2
3          3            212          546          95,1          2199,6
3          3            206          546          95,1          2433,2
3          3            212          546          95,1          2199,6
3          4            129          746          95,2          1267,8
3          4            138          718          95,5          1126,1
3          4            129          746          95,2          1267,8
3          4            138          718          95,5          1126,1
3          4            129          746          95,2          1267,8
3          4            138          718          95,5          1126,1
3          5            134          766          95,6          1335,7
3          5            141          884          95,2          1034,6
3          5            134          766          95,6          1335,7
3          5            141          884          95,2          1034,6
3          5            134          766          95,6          1335,7
3          5            141          884          95,2          1034,6
3          6            133          1284          95,3          1038,8
3          6            132          1381          95          956,5
3          6            130          1284          95,3          1038,8
3          6            132          1381          95          956,5
3          6            130          1284          95,3          1038,8
3          6            141          1381          95          956,5
3          7            132          1726          95,1          697,6
3          7            128          1617          95,3          745,9
3          7            122          1726          95,1          697,6
3          7            138          1617          95,3          745,9
3          7            132          1726          95,1          697,6
3          7            128          1617          95,3          745,9
3          8            106          1878          95          511,3
3          8            126          2064          95,1          545,8
3          8            106          1878          95          511,3
3          8            126          2064          95,1          545,8
3          8            106          1878          95          511,3
3          8            126          2064          95,1          545,8
3          9            106          1878          95          511,3
3          9            112          2064          95,1          545,8
3          9            106          1878          95          511,3
3          9            112          2064          95,1          545,8
3          9            106          1878          95          511,3
3          9            112          2064          95,1          545,8
3          10            99          1878          95          511,3
3          10            95          2064          95,1          545,8
3          10            99          1878          95          511,3
3          10            95          2064          95,1          545,8
3          10            99          1878          95          511,3
3          10            95          2064          95,1          545,8
4          2            105          1835          95,6          1031,9
4          2            105          1418          95,6          1030,9
4          3            101          2774          95,7          960
4          3            101          2567          95,7          960,5
4          4            93          3787          96          552,4
4          4            102          5310          95,1          549,7
4          5            91          2608          95,9          867,4
4          5            102          2466          95,3          1089
4          6            64          2852          95,3          571,8
4          6            64          2109          95,3          571,8
4          7            49          3321          96,1          436,2
4          7            50          2953          96          448,9
4          8            52          3609          96,2          560,5
4          8            51          3087          96,3          561,7
4          9            45          3609          96,2          560,5
4          9            47          3087          96,3          561,7
4          10            42          3609          96,2          560,5
4          10            41          3087          96,3          561,7
5          2            378          402          95,2          3757,4
5          2            477          367          95,3          4719,4
5          3            283          511          95,8          2808
5          3            308          479          95          3057,5
5          4            204          616          95          2013
5          4            184          600          95          1809,4
5          5            192          783          95          2899,3
5          5            220          798          95,6          3180,6
5          6            201          990          95,1          2274
5          6            203          992          95,1          2272,6
5          7            159          1262          95,2          1565,5
5          7            162          1349          95,1          1577,7
5          8            155          1477          95          2916,6
5          8            136          1387          96,2          2332,7
5          9            145          1477          95          2916,6
5          9            146          1387          96,2          2332,7
5          10            139          1477          95          2916,6
5          10            140          1387          96,2          2332,7
6          2            183          753          95,1          1804,1
6          2            172          935          95,1          1495,4
6          3            144          1056          95          1285,8
6          3            132          1350          95,6          1239,5
6          4            112          2004          95          1085,5
6          4            114          2109          95,6          1098,4
6          5            89          3464          95          862,5
6          5            101          5814          95,6          980,5
6          6            94          1988          96,1          909,1
6          6            85          1889          95,8          825,9
6          7            82          2185          96          791,2
6          7            86          2165          95,5          824,1
6          8            72          2153          95,1          831,6
6          8            75          2358          95          914
6          9            67          2153          95,1          831,6
6          9            69          2358          95          914
6          10            62          2153          95,1          831,6
6          10            65          2358          95          914