1 BaseStation 90 280 0.0 0 3000 1000 BaseStation 1 1
2 A 100 210 0.0 200 500 1000 Explorer 1 1
3 B 100 225 0.0 200 500 1000 Explorer 1 1
4 C 100 240 0.0 200 500 1000 Explorer 1 1
5 D 100 255 0.0 200 500 1000 Explorer 1 1
6 E 100 270 0.0 200 500 1000 Explorer 1 1
7 F 100 285 0.0 200 500 1000 Explorer 1 1
8 G 100 300 0.0 200 500 1000 Explorer 1 1
9 H 100 315 0.0 200 500 1000 Explorer 1 1
10 I 100 330 0.0 200 500 1000 Explorer 1 1
11 L 100 345 0.0 200 500 1000 Explorer 1 1
12 M 100 360 0.0 200 500 1000 Explorer 1 1