1          2            201          372          95,3          1983,8
1          2            206          374          95,8          2047,4
1          2            201          347          95,5          1983,8
1          2            201          356          95,2          1979,6
1          2            262          359          95,1          2590,6
1          2            201          351          95,5          1983,4
1          2            210          358          95,6          2071,9
1          2            281          334          95,9          2779,1
1          2            262          347          95,1          2592,2
1          2            210          364          95,5          2075,7
1          3            171          449          95,8          1673,5
1          3            170          458          95,2          1665,6
1          3            190          443          95          1866,4
1          3            190          449          95,2          1866,4
1          3            168          451          95,2          1643,5
1          3            191          455          95,2          1871,4
1          3            197          449          95,8          1938,3
1          3            165          449          95,8          1609,8
1          3            181          454          95,9          1777,5
1          3            159          477          95,5          1555,6
1          4            190          547          95          1856,7
1          4            184          540          95,9          1812,7
1          4            168          555          96          1630,8
1          4            178          565          95,2          1714,8
1          4            187          535          95,5          1828,5
1          4            190          535          96,1          1869,2
1          4            173          566          96          1692,6
1          4            190          549          95,5          1858,8
1          4            190          540          96,1          1868,4
1          4            171          545          96,1          1677,6
1          5            177          700          95          1734
1          5            151          696          95,3          1478
1          5            142          698          95,3          1380,9
1          5            181          690          95          1769,2
1          5            201          685          96          1972,4
1          5            143          710          95          1389,7
1          5            167          683          95,2          1618,2
1          5            189          678          95          1854
1          5            146          708          96,1          1428,5
1          5            156          702          95          1506,3
1          6            148          832          96          1443
1          6            170          817          96          1638
1          6            167          815          95,2          1614,5
1          6            148          859          96          1434,4
1          6            150          812          95,6          1450,5
1          6            142          873          95,2          1375,9
1          6            188          858          95,2          1836,7
1          6            168          1034          96,1          1620,5
1          6            149          1301          96,1          1452,4
1          6            155          1281          96,4          1503,3
1          7            115          1706          95          1125,6
1          7            127          138981          95,1          1241
1          7            141          2153          95          1375,5
1          7            132          2775          95,6          1289,5
1          7            157          8430          96,1          1532,6
1          7            144          43814          96,1          1408,3
1          7            124          1163          95,1          1198,6
1          7            122          1164          96          1192,9
1          7            133          1082          96,2          1304,9
1          7            150          1096          95,8          1460,6
1          7            128          1136          96          1239,7
1          7            132          1076          95,1          1292,4
1          7            138          1141          95,8          1354,5
1          7            128          1136          95,3          1252,7
1          7            120          1136          95,4          1175,9
1          7            136          1112          95,8          1336,3
1          8            129          1253          95,3          1261,3
1          8            125          1277          95,2          1201,1
1          8            138          1345          96          1353,9
1          8            126          1239          95,2          1215
1          8            120          1245          95          1175,9
1          8            138          1287          95,3          1343,2
1          8            136          1270          95,6          1335,5
1          8            127          1279          95,7          1244,7
1          8            123          1345          96          1204,3
1          8            127          1325          95,1          1225,4
1          9            130          1549          95,4          1374,3
1          9            131          1461          95,2          1384,9
1          9            128          2102          95,4          1355,9
1          9            145          2118          96,1          1516,1
1          9            125          2436          96,1          1326,4
1          9            119          2850          95,4          1264,3
1          9            122          3497          95,4          1293,7
1          9            133          5257          95,9          1399,4
1          10            128          1549          95,4          1374,3
1          10            130          1461          95,2          1384,9
1          10            122          2102          95,4          1355,9
1          10            141          2118          96,1          1516,1
1          10            125          2436          96,1          1326,4
1          10            114          2850          95,4          1264,3
1          10            132          3497          95,4          1293,7
1          10            123          5257          95,9          1399,4
2          2            193          481          95,9          1905,4
2          2            199          452          97,5          1961,1
2          2            199          426          97,5          1960,9
2          2            199          437          97,9          1963,3
2          2            199          429          97,5          1960,7
2          2            199          452          97,5          1960,5
2          2            199          427          97,5          1960,4
2          2            199          508          97,5          1961
2          2            199          443          97,5          1960,7
2          2            199          470          97,5          1959,6
2          3            151          567          95,1          1486,4
2          3            148          580          96,7          1456,8
2          3            149          589          95,1          1425,8
2          3            149          575          95,6          1436,9
2          3            152          569          95,1          1425,5
2          3            154          598          95,1          1425,7
2          3            155          601          95,1          1425,4
2          3            152          565          95,1          1425,5
2          3            152          586          95,4          1427,2
2          3            152          593          95,1          1425,5
2          4            147          776          95,1          1442,4
2          4            156          746          95          1539,4
2          4            152          748          95          1493,3
2          4            160          730          96,3          1571,1
2          4            152          760          95          1493,3
2          4            152          700          95          1493,3
2          4            149          719          95,1          1466,1
2          4            153          697          95,2          1502,7
2          4            148          719          97,7          1452,8
2          4            146          713          95,1          1436,2
2          5            194          847          95,2          1910,4
2          5            143          849          95,8          1400,5
2          5            159          876          95,1          1561,1
2          5            158          876          95,3          1551,2
2          5            144          901          95,2          1407,7
2          5            145          880          95,1          1417,6
2          5            153          925          97,7          1497
2          5            152          898          95,2          1489,9
2          5            143          896          95,8          1399,6
2          5            158          920          96,4          1547,7
2          6            150          1193          98,8          1471,9
2          6            158          1130          95          1453,9
2          6            139          1430          95,1          1362,7
2          6            141          1703          97          1383,9
2          6            144          1854          97,8          1414,1
2          6            149          2070          97,9          1463,6
2          6            145          2341          96,9          1381,9
2          6            157          2944          95,1          1444,3
2          6            159          4236          95,1          1466
2          7            156          1412          95,1          1530,4
2          7            155          1393          98,3          1517,7
2          7            145          1330          98,3          1420,5
2          7            151          1385          95,9          1482,5
2          7            153          1338          95,1          1503,4
2          7            143          1333          95,9          1403,2
2          7            153          1315          95,1          1502,3
2          7            147          1297          95,1          1444,6
2          7            156          1344          95,1          1531,5
2          7            147          1310          95,1          1444,4
2          8            148          1513          95,2          1455,1
2          8            145          1550          95,8          1422,5
2          8            153          1491          96,7          1502,7
2          8            138          1548          95,1          1351,3
2          8            145          1575          95,1          1422,6
2          8            150          1518          95,1          1475,2
2          8            148          1485          95,2          1454,3
2          8            148          1497          95,1          1455,1
2          8            148          1986          95,1          1455,1
2          8            148          2545          95,1          1454,8
2          9            150          3638          96,9          1472
2          9            145          5565          95          1422,3
2          9            150          3638          96,9          1472
2          9            145          5565          95          1422,3
2          9            150          3638          96,9          1472
2          9            145          5565          95          1422,3
2          9            150          3638          96,9          1472
2          9            145          5565          95          1422,3
2          10            150          3638          96,9          1472
2          10            145          5565          95          1422,3
2          10            140          3638          96,9          1472
2          10            139          5565          95          1422,3
2          10            140          3638          96,9          1472
2          10            145          5565          95          1422,3
2          10            141          3638          96,9          1472
2          10            135          5565          95          1422,3
3          2            235          482          95,1          2316,3
3          2            220          432          95,4          1673,8
3          2            220          425          95,1          1670,9
3          2            225          420          95,1          1722
3          2            250          401          95,1          2472,8
3          2            242          395          95,2          2436,6
3          2            236          406          95,4          2633
3          2            250          395          95,1          2471,6
3          2            184          426          95,2          1584
3          2            203          430          96,6          2102,9
3          3            260          489          95,2          2562,2
3          3            237          526          95          2339,7
3          3            222          531          95,1          2187,8
3          3            211          518          95,1          2076,4
3          3            235          492          95,2          2518,5
3          3            215          522          95,1          2320,4
3          3            235          520          95,1          2320,2
3          3            235          496          95,1          2518,1
3          3            218          530          95,2          2143,4
3          3            233          491          95,1          2497,5
3          4            133          666          95,1          1285,8
3          4            121          667          95,3          1179,7
3          4            122          656          95          1181,1
3          4            135          662          95          1303,1
3          4            236          626          95,3          2330,6
3          4            144          635          95          1389,9
3          4            161          639          95,4          1545,3
3          4            126          637          95          1214,4
3          4            251          633          95,2          2480,7
3          4            194          640          95          1912,3
3          5            114          880          95,3          1111,1
3          5            105          833          95,1          1012,6
3          5            119          816          95,1          1135,8
3          5            103          808          95,1          995,2
3          5            170          809          95,1          1639,6
3          5            198          714          95          1821,5
3          5            141          837          95,2          1378,3
3          5            127          840          95,2          1238,1
3          5            125          823          95,6          1215
3          5            119          811          95          1155,8
3          6            124          1015          95          1217,7
3          6            122          984          95          1198,9
3          6            121          997          95          1189,1
3          6            108          1048          95,7          1059,1
3          6            120          1009          95,1          1178,6
3          6            127          1003          95,1          1249,4
3          6            125          1260          95          1227,4
3          6            117          1369          95,4          1149,1
3          6            117          1503          95,2          1147,5
3          6            108          1518          95,7          1043,6
3          7            97          198516          95,3          946,5
3          7            103          2286          95,5          1004,1
3          7            98          2662          95,2          956,2
3          7            101          3295          95          984,5
3          7            95          5278          95          926,2
3          8            102          1600          95,5          1000,2
3          8            111          1423          95,2          1085,4
3          8            123          1379          95,1          1301,6
3          8            103          1403          95,1          1005
3          8            120          1494          95,5          1173,3
3          8            111          1482          95,1          1088,8
3          8            120          1447          95          1178,2
3          8            102          1390          95,1          999,2
3          8            114          1399          95,3          1313,1
3          8            118          1400          95,9          1258,4
3          9            94          1855          95,1          913,9
3          9            91          1770          95,1          879
3          9            92          1811          95          887,8
3          9            104          1808          95          1005,6
3          9            100          1725          95          966,1
3          9            97          1778          95,3          942,3
3          9            93          1835          95          892,9
3          9            94          1772          95,1          908,1
3          9            92          2284          95,5          892,9
3          9            103          2798          95,2          996,2
3          10            88          3505          95,2          853,9
3          10            87          4360          95,4          844,2
3          10            95          8092          95,1          906,3
3          10            91          3505          95,2          853,9
3          10            88          4360          95,4          844,2
3          10            91          8092          95,1          906,3
4          2            130          1173          95,7          1280,8
4          2            134          921          95,7          1280,8
4          2            130          1173          95,7          1280,8
4          2            134          921          95,7          1280,8
4          2            132          1173          95,7          1280,8
4          2            132          921          95,7          1280,8
4          2            132          1173          95,7          1280,8
4          2            132          921          95,7          1280,8
4          2            130          1173          95,7          1280,8
4          2            134          921          95,7          1280,8
4          3            125          1414          95,4          1230
4          3            116          1397          95,5          1141,2
4          4            96          1697          96,5          934,3
4          4            117          1672          95          1143,7
4          4            96          1697          96,5          934,3
4          4            117          1672          95          1143,7
4          4            96          1697          96,5          934,3
4          4            117          1672          95          1143,7
4          4            96          1697          96,5          934,3
4          4            117          1672          95          1143,7
4          5            89          2175          95,7          866,5
4          5            114          2108          95,9          1109,1
4          5            89          2175          95,7          866,5
4          5            114          2108          95,9          1109,1
4          5            89          2175          95,7          866,5
4          5            114          2108          95,9          1109,1
4          5            89          2175          95,7          866,5
4          5            114          2108          95,9          1109,1
4          5            89          2175          95,7          866,5
4          5            114          2108          95,9          1109,1
4          6            77          2554          95,3          736
4          6            89          2882          95,4          857,6
4          6            77          2554          95,3          736
4          6            89          2882          95,4          857,6
4          6            77          2554          95,3          736
4          6            89          2882          95,4          857,6
4          7            80          3132          95,2          760,4
4          7            83          2868          95,5          801,2
4          7            90          3132          95,2          760,4
4          7            83          2868          95,5          801,2
4          7            80          3132          95,2          760,4
4          7            73          2868          95,5          801,2
4          7            70          3132          95,2          760,4
4          7            83          2868          95,5          801,2
4          8            72          3294          95,2          695,4
4          8            93          3350          95,3          1074,6
4          8            72          3294          95,2          695,4
4          8            90          3350          95,3          1074,6
4          8            72          3294          95,2          695,4
4          8            80          3350          95,3          1074,6
4          8            72          3294          95,2          695,4
4          8            80          3350          95,3          1074,6
4          9            72          3294          95,2          695,4
4          9            87          3350          95,3          1074,6
4          9            65          3294          95,2          695,4
4          9            87          3350          95,3          1074,6
4          9            71          3294          95,2          695,4
4          9            70          3350          95,3          1074,6
4          9            72          3294          95,2          695,4
4          9            84          3350          95,3          1074,6
4          10            62          3294          95,2          695,4
4          10            83          3350          95,3          1074,6
4          10            72          3294          95,2          695,4
4          10            80          3350          95,3          1074,6
4          10            63          3294          95,2          695,4
4          10            63          3350          95,3          1074,6
4          10            62          3294          95,2          695,4
4          10            60          3350          95,3          1074,6
5          2            424          396          95,3          3220,8
5          2            414          416          95,4          3222
5          3            380          524          95          3775,8
5          3            409          476          95,4          4017,4
5          4            356          639          95,2          3528
5          4            387          656          95,8          3825,8
5          5            279          889          95,1          2748,4
5          5            263          858          95,4          2596,3
5          6            205          1085          95,3          2016,9
5          6            234          1058          95,7          2306,5
5          7            218          1317          95,2          2245,2
5          7            225          1742          95,3          2316,7
5          8            229          2595          95,5          2756,1
5          8            218          2955          95,2          2143,1
5          9            212          2595          95,5          2756,1
5          9            188          2955          95,2          2143,1
5          10            189          2595          95,5          2756,1
5          10            198          2955          95,2          2143,1
6          2            219          1165          95,1          2139,1
6          2            170          1436          95,1          1664,4
6          3            132          2130          95          1076,7
6          3            120          2775          95,3          860
6          4            112          5085          95,5          1052,9
6          4            120          1258          95          1151,6
6          4            114          1252          95,2          1097,5
6          5            115          1496          95,4          1094,2
6          5            114          1563          95          1090,3
6          6            113          2469          95,4          1089,3
6          6            116          2088          95,6          1107
6          7            108          2477          95          1138,6
6          7            95          2173          95,6          930,5
6          8            86          2568          95,1          1023,4
6          8            92          2645          95,6          928,5
6          9            81          2568          95,1          1023,4
6          9            73          2645          95,6          928,5
6          10            76          2568          95,1          1023,4
6          10            72          2645          95,6          928,5
