1          2          195          776          95          1925,2
1          3          190          771          95,6          1861,6
1          4          181          777          95,9          1782,2
1          5          176          870          95,2          1721,3
1          6          145          1077          95,1          1388,3
1          7          132          1471          95,2          1295,4
1          8          135          1569          95,2          1318,1
1          9          136          2005          95,1          1330,9
1          10          131          1961          95,2          1287,6
2          2          199          784          97,5          1960,7
2          3          144          911          97,7          1415,6
2          4          152          828          98,4          1493,9
2          5          198          992          96,4          1939,2
2          6          169          1159          97,7          1664,1
2          7          154          1503          98,6          1513,8
2          8          144          1608          95,1          1411,6
2          9          154          1813          98,6          1515,6
2          10          156          1672          95,8          1052,1
3          2          266          807          95,4          2633
3          3          237          784          95,4          2338,1
3          4          194          830          95          1912,3
3          5          122          1010          95,1          1188,6
3          6          130          1253          95          1277,8
3          7          99          1371          95,2          967,1
3          8          111          1383          95,5          1087,6
3          9          93          1510          95,1          903,1
3          10          87          1591          95,3          834,5
4          2          130          969          95,7          1280,8
4          3          125          1078          95,4          1230
4          4          117          1253          95,4          1142,2
4          5          96          1727          96,4          933,2
4          6          82          1643          97,3          789
4          7          89          1762          95,4          857,4
4          8          76          1913          96,9          735,2
4          9          98          2099          95,4          952,4
4          10          79          2319          95          725,2
5          2          313          779          97,4          3113,5
5          3          261          774          95,7          2546
5          4          285          786          95,1          2817,5
5          5          296          825          95,5          2918,3
5          6          206          861          95          2026
5          7          220          1119          95,1          2160,9
5          8          208          1434          95,6          2046,2
5          9          192          1545          95,2          1880
5          10          204          1578          95          2001,6
6          2          170          933          95,1          1664,6
6          3          120          919          95,3          1169,2
6          4          108          1023          95,1          1052,4
6          5          112          1138          97,2          1080,8
6          6          98          1362          95,3          940,9
6          7          97          1660          95,2          932,2
6          8          103          1864          95,1          988,6
6          9          99          3168          95,8          952
6          10          104          2042          95,1          973,4
