1          2          241          800          95,8          2378,8
1          3          202          956          95,8          1977,8
1          4          152          888          95,6          1501,7
1          5          147          1242          95,1          1449,4
1          6          148          1426          95,4          1460
1          7          94          1600          95          915,4
1          8          85          1616          95,1          829
1          9          90          2243          95,4          868,5
1          10          85          2158          95          826,6
2          2          289          831          98,6          2874,9
2          3          147          920          97,5          1449,2
2          4          183          1078          97,7          1785,9
2          5          134          1495          95,3          1272,2
2          6          145          1694          95,8          1379,4
2          7          161          1813          98          1539,1
2          8          146          2103          95,8          1372,5
2          9          151          2348          98,7          1450
2          10          132          1717          95,1          1273,4
3          2          167          770          95,1          1640,5
3          3          134          776          95,2          1317,1
3          4          139          788          95,1          1366,6
3          5          125          951          95,1          1213,8
3          6          93          1162          95,5          904,1
3          7          87          1700          95,2          840,3
3          8          89          1630          95,2          846,2
3          9          75          1649          95,4          713,5
3          10          74          2141          95,6          697,1
4          2          101          1033          95,9          986,2
4          3          66          1206          96,1          636,6
4          4          65          1694          95,4          629,9
4          5          63          1771          96,1          607,8
4          6          56          1908          95,7          537,8
4          7          56          2093          95,9          537
4          8          58          2194          95,4          559,4
4          9          56          2381          95          538,8
4          10          63          2919          95,4          608,6
5          2          306          777          95,1          3034,1
5          3          191          774          95,3          1885,9
5          4          158          786          95          1560,6
5          5          170          850          96,7          1677
5          6          132          1047          95,2          1292,9
5          7          157          1251          95,1          1547,6
5          8          135          1594          95,5          1325,7
5          9          152          1774          95          1487,7
5          10          126          1864          95,2          1226,2
6          2          203          880          95,2          2007,6
6          3          142          966          95          1393,7
6          4          88          1047          95          858,3
6          5          89          1347          95,1          866,7
6          6          87          1778          95,2          834,7
6          7          71          1618          96,4          686,1
6          8          65          3079          95,2          624,4
6          9          68          2888          95,2          652,5
6          10          63          2001          95,5          600,7
