1          2          271          792          96          2697,6
1          3          203          1014          96,1          1958,1
1          4          173          809          96          1626,8
1          5          168          995          96,1          1568,5
1          6          147          1353          95,8          1304,3
1          7          128          1528          96,2          1041,1
1          8          145          1933          95,4          1125
1          9          129          1872          95,9          962,7
1          10          139          1822          95,9          1030,2
2          2          289          804          98,6          2874,9
2          3          147          802          95,6          1415,5
2          4          158          841          98,9          1453,3
2          5          134          902          95,9          1135
2          6          201          1039          97,1          1803
2          7          160          1158          95          1292,4
2          8          136          1370          97,1          1022,7
2          9          136          1505          97,1          928,5
2          10          175          1588          96,2          817,9
3          2          168          785          95          1657,9
3          3          134          788          95,2          1316
3          4          109          900          95,5          1053,5
3          5          103          1075          95,1          966,8
3          6          98          1108          95,1          886,1
3          7          77          1445          95          651,4
3          8          85          1545          95,3          700,9
3          9          73          1806          95,2          528,2
3          10          83          1545          95,3          592,6
4          2          101          944          95,9          988,9
4          3          99          1039          95,7          945,4
4          4          66          1282          95,1          599,8
4          5          52          1441          95,3          454,4
4          6          68          1639          95          607,8
4          7          51          1803          96,2          416,1
4          8          58          1900          95,3          480,8
4          9          55          2265          97          452,4
4          10          47          2441          96          330
5          2          444          803          95,1          4404,1
5          3          192          789          95,3          1897,1
5          4          251          814          95,3          2490,6
5          5          176          888          95          1738,7
5          6          152          903          95          1479,6
5          7          130          1162          95,5          1250,4
5          8          159          1578          95,2          1457,4
5          9          141          1500          95,7          1276,3
5          10          134          1585          95,1          1158,6
