[444,278], [468,231], [523,233], [604,180]
[444,278], [468,231], [523,233], [647,177]
[425,293], [468,231], [485,361], [545,297]
[376,315], [418,326], [486,364], [555,298], [560,253], [564,356], [566,389], [573,222], [586,258]
[273,347], [287,347], [312,286], [331,361], [422,326], [483,370], [555,253], [555,299], [564,356], [566,389], [578,223], [593,260]
[225,300], [265,264], [331,361], [365,252], [398,243], [468,316], [478,390], [553,253], [555,299], [567,395], [572,369], [594,325]
[221,299], [265,261], [332,360], [366,252], [371,214], [431,224], [468,316], [478,390], [553,253], [555,298], [567,395], [572,369], [594,325]
[207,293], [265,261], [331,361], [385,261], [444,374], [452,423], [457,390], [468,316], [478,412], [565,402], [581,287], [594,325], [595,387], [595,424], [598,375]
[208,293], [265,261], [331,373], [437,372], [450,425], [457,390], [466,316], [478,412], [565,402], [581,287], [595,387], [595,424], [608,376], [627,326], [667,347]
[208,293], [265,261], [331,373], [438,368], [450,424], [457,390], [468,316], [478,412], [553,277], [565,402], [595,387], [595,424], [612,368], [669,298], [680,347]
[207,290], [265,261], [331,373], [438,368], [450,426], [457,390], [466,316], [478,412], [552,398], [552,419], [553,277], [553,441], [595,387], [595,424], [612,366], [663,295], [680,347], [681,296]
[203,291], [265,261], [331,373], [438,368], [450,426], [457,390], [466,316], [478,412], [595,387], [595,425], [612,360], [655,292], [680,347], [681,296]
[175,308], [203,254], [265,261], [331,374], [437,368], [450,424], [457,390], [468,316], [478,412], [595,387], [595,424], [650,292], [680,347], [681,296]
[159,307], [195,250], [264,257], [332,398], [437,368], [450,426], [457,390], [466,316], [478,412], [595,425], [651,292], [680,347], [681,296]
[137,314], [173,254], [194,240], [264,253], [353,425], [356,390], [364,374], [437,364], [450,424], [457,390], [466,316], [478,412], [595,424], [650,292], [680,347], [681,296]
[137,314], [173,254], [194,240], [264,253], [354,425], [356,390], [376,370], [437,361], [450,426], [457,390], [464,317], [478,412], [595,424], [650,292], [681,296]
[137,314], [173,254], [194,239], [261,251], [356,390], [362,425], [377,353], [437,361], [451,424], [457,390], [478,412], [595,424], [650,292], [679,297]
[137,314], [173,254], [194,240], [264,253], [356,390], [362,425], [437,361], [450,426], [457,390], [478,412], [612,421], [651,292], [679,297]
[137,314], [173,254], [194,239], [261,251], [362,425], [437,361], [451,424], [457,390], [478,412], [645,413], [650,292], [661,443], [679,297], [700,450]
[137,314], [173,254], [195,237], [264,241], [362,425], [437,361], [450,426], [457,390], [478,412], [650,292], [661,443], [672,404], [681,297]
[137,314], [173,254], [196,235], [264,241], [362,425], [437,361], [450,426], [457,390], [478,412], [651,292], [661,443], [672,402], [678,400], [681,297]
[137,314], [173,254], [196,235], [264,241], [437,361], [450,426], [457,390], [478,412], [659,273], [662,237], [666,376], [679,302]
[137,314], [173,254], [195,235], [263,239], [437,361], [451,424], [457,390], [478,412], [659,274], [662,237], [664,309], [664,376], [693,311]
[137,314], [173,254], [196,235], [264,241], [437,361], [450,426], [457,390], [478,412], [658,273], [659,374], [662,237]
[137,314], [173,254], [196,235], [265,241], [437,361], [450,426], [457,390], [478,412], [657,374], [662,237]
[137,314], [173,254], [196,235], [266,238], [437,361], [450,426], [457,390], [478,412], [654,381], [662,237]
[137,314], [173,254], [196,235], [268,241], [437,361], [450,426], [457,390], [478,412], [654,395], [662,237]
[137,314], [173,254], [196,233], [267,239], [268,241], [437,361], [450,426], [451,424], [457,390], [478,412]
[137,314], [173,254], [196,233], [268,241], [437,361], [450,426], [457,390], [478,412]
[137,314], [173,254], [196,233], [267,239], [268,241], [437,360], [450,426], [451,424], [457,390], [478,412]
[137,314], [173,254], [196,233], [268,241], [437,355], [450,426], [457,390], [464,445]
[137,314], [173,254], [196,233], [267,239], [268,241], [436,352], [437,352], [450,426], [451,424], [457,389]
[137,314], [173,254], [196,233], [267,239], [451,424]
[137,314], [173,254], [196,233], [268,241], [450,425]
[137,314], [173,254], [196,233], [268,241]
[137,314], [173,254], [196,233], [267,239]
[137,314], [173,254], [196,233], [268,241]
[137,314], [173,254], [196,233], [268,241]
[137,314], [173,254], [196,233], [267,239]
[137,314], [173,254], [196,233], [268,241]
[105,309], [143,351], [172,255], [204,233], [267,239]
[96,311], [143,353], [173,257], [204,233], [269,239]
[81,312], [142,357], [173,260], [204,233], [307,257]
[81,312], [140,358], [173,260], [204,233], [309,262]
[81,312], [140,361], [173,261], [204,233]
[62,342], [80,269], [90,358], [142,360], [173,261], [204,234]
[80,267], [84,365], [142,361]
[82,366], [85,264], [140,363]
[68,356], [85,263], [86,368], [140,363]
[68,356], [85,262], [88,373], [139,378]
[68,356], [84,256], [88,373], [143,399]
[68,356], [81,250], [87,374], [152,399]
[68,356], [81,246], [87,374], [156,424], [157,366]
[68,355], [83,239], [87,382], [160,425], [164,388], [187,354]
[68,355], [83,239], [87,382], [164,388], [182,425], [186,424]
[68,355], [83,239], [87,382], [230,446], [263,425]
[68,355], [83,239], [87,382], [230,446], [263,419]
[68,355], [87,382], [91,239], [230,446], [264,411]
[68,355], [87,382], [91,239], [230,446], [265,406]
[444,278], [564,356], [312,286] , [578,223] , [452,423] , [681,296] , [175,308] , [661,443] , [263,425]
