1          2          300          777          95          2957,3
1          3          164          771          95,2          1609,6
1          4          204          803          96,1          1797,7
1          5          193          854          95          1755,5
1          6          153          986          96,3          1488,5
1          7          109          1292          95,1          1059,8
1          8          106          1539          95,9          1033,9
1          9          101          1791          95,2          987,4
1          10          118          2082          95,3          1136,1
2          2          251          831          95          2493
2          3          149          850          95,2          1475,9
2          4          166          979          95,8          1635,4
2          5          136          1116          95,9          1332,9
2          6          128          1394          98,6          1222,1
2          7          146          1655          97,7          1414
2          8          144          1836          95,9          1395,8
2          9          152          2229          96,4          1446,4
2          10          153          2425          97,8          1426,1
3          2          192          802          95,2          1862,4
3          3          138          771          95,1          1357
3          4          153          865          95,2          1508,7
3          5          148          1586          95,2          1401,5
3          6          129          1619          95,3          1267,1
3          7          100          1732          95,1          973,9
3          8          96          1572          95,6          937
3          9          71          1654          95,2          685
3          10          71          2196          95,3          681,7
4          2          105          1222          95,6          1026,6
4          3          79          1112          96          764,4
4          4          81          1733          95,3          786,8
4          5          61          2362          95,5          590,2
4          6          58          1839          95,4          560
4          7          46          1869          96,1          440,2
4          8          113          2581          95,4          1109,4
4          9          41          2889          95,1          390,5
4          10          56          2622          95,9          531,3
5          2          349          826          95          3468,1
5          3          360          1052          95,3          3581,9
5          4          266          1327          95,1          2632,2
5          5          313          816          95,1          3115,1
5          6          209          874          95          2071,6
5          7          500          1561          58,6          3472,2
5          8          176          1695          95,1          1741,7
5          9          154          1794          96,3          1518,1
5          10          136          1958          95,4          1339,6
6          2          181          903          95,1          1789,1
6          3          147          913          95,5          1445
6          4          111          1033          95          1089,9
6          5          100          1090          97,5          974,5
6          6          89          1640          95,5          858,2
6          7          84          1738          95,3          797,7
6          8          162          1904          95,2          1493
6          9          79          3103          95,4          746,1
6          10          82          2367          95          796,5
