1 BaseStation 600 170 0.0 0 3000 1000 BaseStation 1 1
2 A 505 180 1.57 200 500 1000 Explorer 1 1
3 B 525 180 1.57 200 500 1000 Explorer 1 1
4 C 545 180 1.57 200 500 1000 Explorer 1 1
5 D 565 180 1.57 200 500 1000 Explorer 1 1
6 E 585 180 1.57 200 500 1000 Explorer 1 1
7 F 605 180 1.57 200 500 1000 Explorer 1 1
8 G 625 180 1.57 200 500 1000 Explorer 1 1
9 H 645 180 1.57 200 500 1000 Explorer 1 1
10 I 665 180 1.57 200 500 1000 Explorer 1 1
11 L 685 180 1.57 200 500 1000 Explorer 1 1
12 M 705 180 1.57 200 500 1000 Explorer 1 1
