1          2          382          806          95,1          3752,3
1          3          358          789          95,1          3499,5
1          4          275          939          95,4          2689,8
1          5          261          1129          95,2          2399,8
1          6          215          1526          95,1          1971,4
1          7          162          1827          96,1          1493,2
1          8          207          1556          95,2          1985,7
1          9          162          1546          96,2          1488,6
1          10          166          1705          95          1545,1
2          2          233          787          95          2285,4
2          3          172          861          95,6          1600,5
2          4          191          1003          95          1802,4
2          5          133          1222          95,5          1278,1
2          6          500          838          85,5          1662,3
2          7          132          1555          95,2          1262,6
2          8          127          1506          95,5          1192,2
2          9          127          1551          95,5          1184,3
2          10          134          1671          95,5          1250,3
3          2          239          775          95          2351,2
3          3          173          792          95,2          1605,3
3          4          148          837          95,1          1400
3          5          156          1005          95,2          1456,5
3          6          123          1281          95          1108,9
3          7          150          1473          95,3          1389,6
3          8          268          1186          95,4          981,8
3          9          114          1670          95,3          1035,7
3          10          92          2451          95          860,1
4          2          172          1036          98,5          1698
4          3          155          1468          96,3          1472
4          4          65          1658          95,4          607,3
4          5          70          1753          95,1          643,9
4          6          78          2068          97,3          683,3
4          7          87          2261          95,1          732,7
4          8          78          2538          96,7          624,2
4          9          121          2773          97,8          1002,8
4          10          67          3143          96,9          578,9
5          2          500          796          93,1          4909,1
5          3          312          798          95,3          3021,1
5          4          330          882          95,2          3221,3
5          5          333          1121          95          3229,7
5          6          294          1277          95,2          2801,1
5          7          276          1483          95,2          2644,3
5          8          181          1633          95,1          1720,5
5          9          189          1853          95,2          1803,5
5          10          236          2994          95          2290,4
6          2          171          1027          95,3          1642,7
6          3          117          1158          95,7          1090,8
6          4          97          1273          95,1          906,7
6          5          85          1564          95,5          779
6          6          91          1647          95,3          847
6          7          86          1914          95,4          767,3
6          8          79          1996          95,4          658,1
6          9          79          1943          95,6          655
6          10          82          2228          96,5          726,2
