1          2          259          795          95,2          2553,5
1          3          175          776          95,4          1719,9
1          4          171          804          95,7          1692,5
1          5          131          819          95,6          1269
1          6          119          1020          95,5          1144,6
1          7          122          1442          96          1151,6
1          8          123          1534          95          1197,9
1          9          125          1670          95          1180,6
1          10          134          2049          95          1249,7
2          2          164          836          96,4          1627,9
2          3          150          864          96,3          1480,2
2          4          166          909          95,8          1635,6
2          5          127          990          95,1          1227,2
2          6          128          1630          98,6          1185,7
2          7          142          1433          95          1313
2          8          144          1515          95,9          1336
2          9          163          1452          95,3          704,1
2          10          141          1613          96,3          553,6
3          2          229          783          95,2          2264,3
3          3          223          787          95,2          2198,4
3          4          158          777          95          1175,2
3          5          99          912          95,7          954,7
3          6          156          1048          95,2          1014,5
3          7          110          1439          95,2          749,7
3          8          104          1510          95,4          841,8
3          9          95          1553          95,1          824,5
3          10          93          1545          95,1          497,6
4          2          105          953          95,6          1027,4
4          3          97          1098          95          946,4
4          4          81          1421          95,7          782,3
4          5          93          1677          95,9          867,4
4          6          63          1795          95,2          560,3
4          7          49          1886          96,1          436,1
4          8          61          2194          95,3          517,7
4          9          55          5579          95,2          514,3
4          9          46          2765          95,9          426,4
4          10          62          2224          98          577
5          2          346          775          95,4          3436,2
5          3          334          777          95,2          3320,2
5          4          197          794          95,1          1945,9
5          5          306          819          95,3          3042,5
5          6          354          904          95,6          3512,7
5          7          161          1229          95,1          1574,3
5          8          207          1408          95,3          2043,5
5          8          302          1787          96,2          2984
5          9          133          1568          95,2          1306,7
5          10          174          1645          95,1          1600,5
6          2          181          871          95,1          1789,1
6          3          125          926          95,3          1206,8
6          4          114          1130          95,2          1110,4
6          5          111          1370          95,7          1083,2
6          6          85          1618          95,2          827,4
6          7          86          1757          95,6          822,1
6          8          98          1818          96,5          944,3
6          9          77          2070          96,1          491,2
6          10          80          1982          95,9          674,8
