1 BaseStation 600 200 0.0 0 3000 1000 BaseStation 1 1
2 A 620 125 90.0 200 500 1000 Explorer 1 1
3 B 620 140 90.0 200 500 1000 Explorer 1 1
4 C 620 155 90.0 200 500 1000 Explorer 1 1
5 D 620 170 90.0 200 500 1000 Explorer 1 1
6 E 620 185 90.0 200 500 1000 Explorer 1 1
7 F 620 200 90.0 200 500 1000 Explorer 1 1
8 G 620 215 90.0 200 500 1000 Explorer 1 1
9 H 620 230 90.0 200 500 1000 Explorer 1 1
10 I 620 245 90.0 200 500 1000 Explorer 1 1
11 L 620 260 90.0 200 500 1000 Explorer 1 1
12 M 620 275 90.0 200 500 1000 Explorer 1 1