1          2            214          426          95,3          2096,1
1          2            212          417          95,2          2063,3
1          3            176          219          95,7          1800,1
1          3            174          217          95,7          1829,8
1          4            134          331          97,1          1440,4
1          4            137          657          95,2          1333,7
1          5            130          382          97,2          1230
1          5            133          910          95,5          1294,8
1          6            115          1111          96          1115,1
1          6            108          1077          95,1          1039,2
1          7            93          670          96,2          1090
1          7            93          577          96,2          1000
1          8            83          771          96,9          1000
1          8            91          734          96,9          1000
2          2            210          208          96,6          1859,5
2          2            195          156          96,6          1900,9
2          3            160          228          96,6          1500
2          3            159          685          99,2          1547,1
2          4            161          326          96,6          1504,9
2          4            143          342          95,3          1364,7
2          5            136          399          96,7          1323,6
2          5            141          975          98,6          1373,8
2          6            147          481          96,9          1350
2          6            141          497          96,9          1301,3
2          7            153          619          97,3          1288,5
2          7            140          770          97,3          1295,5
2          8            142          1649          95,4          1366,4
2          8            131          723          97,3          1292,7
3          2            190          431          95,4          1857,5
3          2            204          422          95,2          1982,8
3          3            141          633          95,5          1374,8
3          3            118          601          95,2          1133,4
3          4            117          698          95,2          1114,4
3          4            115          699          95,5          1072,2
3          5            97          923          95,5          901,4
3          5            130          935          95          1240,6
3          6            98          1269          95          929,4
3          6            105          1183          95,7          1000,9
3          7            96          1477          95,3          919,7
3          7            93          1482          95,6          890
3          8            83          811          95,8          1020
3          8            90          806          95,8          1113,5
4          2            86          1405          95,5          815,2
4          2            102          1258          95,4          970,8
4          3            106          1405          95,4          1017,6
4          3            66          1741          95,3          613,5
4          4            68          1858          96          644,2
4          4            67          1796          95,5          627,1
4          5            71          2228          95,5          671,7
4          5            45          2584          95,8          417,3
4          6            78          2179          97,2          588,2
4          6            54          3020          95,4          507,8
4          7            81          2799          95,2          770,3
4          7            52          3029          96          478,8
4          8            49          3654          30,9          310
4          8            63          2997          30,9          405,4
5          2            270          574          95          2665,5
5          2            257          574          95          2536,3
5          3            232          837          95,9          2281,6
5          3            220          853          95          2163,2
5          4            212          1153          95,6          2090,5
5          4            185          1145          95          1808,8
5          5            199          1573          97,9          1931,8
5          5            159          1621          95,1          1531,2
5          6            162          1897          96,2          1399,9
5          6            153          1831          95,9          1340,2
5          7            142          629          95,5          1090,9
5          7            139          626          95,3          1119,1
5          8            123          2150          95,8          1009,2
5          8            131          2089          95,8          1000,9
6          2            170          1381          95,7          1642,6
6          2            132          1747          95,2          1232,6
6          3            91          3252          96,1          847,7
6          3            100          3945          95,2          948,2
6          4            92          7916          98,2          913,4
6          4            103          7945          98,2          899
6          5            73          7916          98,2          1003
6          5            102          7945          98,2          901,4
6          6            69          7916          98,2          887,3
6          6            76          7945          98,8          881,2
6          7            77          7916          98,2          919.1
6          7            81          7945          98,7          890
6          8            70          7916          98,2          893
6          8            63          7945          98,3          901,4
