1          2            295          321          98,1          2931,5
1          2            297          292          98,4          2950,6
1          2            297          290          98,4          2947,1
1          2            296          287          98,4          2938,7
1          2            298          299          98,1          2957,7
1          2            296          295          98,1          2938,9
1          2            296          289          98,4          2938,2
1          2            289          294          98,1          2868,4
1          2            296          296          98,1          2937,6
1          2            294          299          98,4          2916,8
1          3            182          401          96,1          1749,9
1          3            180          393          95,8          1730,2
1          3            179          387          95,9          1719,1
1          3            182          385          96,1          1750,4
1          3            179          383          96          1718,2
1          3            182          388          96          1750,2
1          3            183          387          96,2          1758,7
1          3            180          389          96          1730,1
1          3            179          379          96          1719,1
1          3            179          386          96          1718,5
1          4            166          522          95,1          1594,9
1          4            166          494          95,1          1594,9
1          4            166          490          95,1          1594,9
1          4            166          501          95,1          1594,9
1          4            166          506          95,1          1594,9
1          4            166          494          95,1          1594,9
1          4            166          496          95,1          1594,9
1          4            166          493          95,1          1594,9
1          4            166          507          95,1          1594,9
1          4            166          500          95,1          1594,9
1          5            160          620          95,8          1488,3
1          5            159          612          95,5          1478,9
1          5            159          635          95,3          1478,3
1          5            159          613          95,5          1478,9
1          5            162          613          95,1          1507,8
1          5            160          632          95,9          1487,3
1          5            162          683          95,1          1505,9
1          5            160          677          95,2          1487,5
1          5            162          681          95,2          1507,6
1          5            162          710          95,2          1507,6
1          6            147          863          95,9          1303,4
1          6            147          865          95,9          1303,4
1          6            147          948          95,9          1303,4
1          6            147          831          95,9          1303,4
1          6            147          833          95,9          1303,4
1          6            147          838          95,9          1303,4
1          6            147          904          95,9          1303,4
1          6            147          878          95,9          1303,4
1          6            147          1273          95,9          1303,4
1          6            147          1422          95,9          1303,4
1          7            137          1045          95,6          1104,8
1          7            150          1006          95,1          1320,5
1          7            130          1068          96,1          1112
1          7            137          1037          95,6          1102,9
1          7            132          1043          95,8          1132,1
1          7            125          1023          96,3          994,7
1          7            125          1034          96,3          994,5
1          7            149          1036          95,1          1224,9
1          7            124          1023          95,9          989,6
1          7            143          1052          95,7          1172,8
1          8            124          1206          95,2          1032,4
1          8            124          1167          95,2          1031,9
1          8            111          1158          95          902,7
1          8            112          1149          95,3          912,8
1          8            110          1185          95,2          893,1
1          8            124          1180          95,3          1032,4
1          8            114          1187          95          933
1          8            114          1184          95          932,9
1          8            123          1177          95          1022,3
1          8            112          1182          95,2          912,5
1          9            113          1356          96,1          960,3
1          9            117          1724          95,2          1205,9
1          9            108          2056          95,8          1122,2
1          9            113          2438          95,9          1105,1
1          9            104          2547          95,2          971,8
1          9            121          2346          95,7          1032
1          9            112          2938          95,3          1082,1
1          9            114          2938          95,3          1082,1
1          9            113          2938          95,3          1082,1
1          9            113          2938          95,3          1082,1
1          10            113          1668          95,1          811,4
1          10            113          1534          95,1          811,4
1          10            113          1667          95,1          811,4
1          10            113          1475          95,1          811,4
1          10            113          1485          95,1          811,4
1          10            113          1480          95,1          811,4
1          10            113          1469          95,1          811,4
1          10            113          1489          95,1          811,4
1          10            113          1540          95,1          811,4
1          10            113          1462          95,1          811,4
2          2            289          453          98,6          2874,9
2          2            289          426          98,6          2874,9
2          2            289          410          98,6          2874,9
2          2            289          423          98,6          2874,9
2          2            289          428          98,6          2874,9
2          2            289          423          98,6          2874,9
2          2            289          423          98,6          2874,9
2          2            289          427          98,6          2874,9
2          2            289          424          98,6          2874,9
2          2            289          427          98,6          2874,9
2          3            158          745          98,9          1453,5
2          3            158          727          98,9          1452,9
2          3            158          716          98,9          1453,5
2          3            158          726          98,9          1450,5
2          3            158          731          98,9          1455,3
2          3            158          720          98,9          1453,6
2          3            158          702          98,9          1453,2
2          3            158          717          98,9          1453,5
2          3            158          723          98,9          1455
2          3            158          719          98,9          1453,4
2          4            147          605          95,6          1415,5
2          4            147          571          95,6          1415,5
2          4            147          571          95,6          1415,5
2          4            147          579          95,6          1415,5
2          4            147          572          95,6          1415,5
2          4            147          565          95,6          1415,5
2          4            147          570          95,6          1415,5
2          4            147          578          95,6          1415,5
2          4            147          572          95,6          1415,5
2          4            147          582          95,6          1415,5
2          5            145          909          95,9          1135
2          5            145          848          95,9          1135
2          5            145          866          95,9          1135
2          5            145          851          95,9          1135
2          5            145          845          95,9          1135
2          5            145          874          95,9          1135
2          5            145          851          95,9          1135
2          5            145          851          95,9          1135
2          5            145          880          95,9          1135
2          5            145          850          95,9          1135
2          6            150          1112          97,1          1803
2          6            150          1112          97,1          1803
2          6            150          1960          97,1          1803
2          6            150          1716          97,1          1803
2          6            150          1976          97,1          1803
2          6            150          2214          97,1          1803
2          6            150          2510          97,1          1803
2          6            150          3051          97,1          1803
2          6            150          3978          97,1          1803
2          6            150          6338          97,1          1803
2          7            149          1279          95          1292,4
2          7            149          1222          95          1292,4
2          7            149          1221          95          1292,4
2          7            149          1206          95          1292,4
2          7            149          1327          95,4          1426,8
2          7            149          1636          95          1292,4
2          7            149          1260          95          1292,4
2          7            149          1543          95          1292,4
2          7            149          1504          95          1292,4
2          7            149          1285          95          1292,4
2          8            136          1360          97,1          1022,7
2          8            136          1346          97,1          1022,7
2          8            136          1220          97,1          1022,7
2          8            136          1275          97,1          1022,7
2          8            136          1263          97,1          1022,7
2          8            136          1293          97,1          1022,7
2          8            136          1252          97,1          1022,7
2          8            136          1300          97,1          1022,7
2          8            136          1371          97,1          1022,7
2          8            136          1782          97,1          1022,7
2          9            136          2666          97,1          928,5
2          9            136          3002          97,1          928,5
2          9            136          3869          97,1          928,5
2          9            172          9089          96,8          1171,3
2          9            136          1595          97,1          928,5
2          9            136          1618          97,1          928,5
2          9            136          1572          97,1          928,5
2          9            136          1544          97,1          928,5
2          9            136          1540          97,1          928,5
2          9            138          1607          95,9          1076,3
2          10            132          1618          96,3          949,4
2          10            132          1667          96,3          949,4
2          10            132          1514          96,3          949,4
2          10            132          1594          96,3          949,4
2          10            132          1617          96,3          949,4
2          10            132          2692          96,3          949,4
2          10            132          2823          96,3          949,4
2          10            132          1447          96,3          949,4
2          10            132          2823          96,3          949,4
2          10            132          1447          96,3          949,4
3          2            166          433          95,1          1638,5
3          2            165          416          95,1          1629
3          2            166          404          95,1          1638,5
3          2            166          410          95,1          1639,2
3          2            168          396          95          1658
3          2            166          397          95,1          1638,5
3          2            166          420          95,1          1638,5
3          2            166          388          95,1          1638,5
3          2            168          397          95          1658
3          2            166          411          95,1          1638,5
3          3            156          556          95,1          1524,4
3          3            119          557          95,1          1155,4
3          3            158          569          95,2          1543,1
3          3            157          554          95          1535,5
3          3            135          575          95,2          1322,9
3          3            155          547          95          1517,1
3          3            155          559          95          1505
3          3            134          538          95,2          1313,9
3          3            135          556          95,2          1315
3          3            120          552          95          1173,1
3          4            104          729          95,1          1001,2
3          4            104          697          95,1          999,2
3          4            111          658          95,3          1068,9
3          4            104          690          95,1          1001,2
3          4            104          806          95,1          1001,2
3          4            104          699          95,1          1001
3          4            104          727          95,1          1001,2
3          4            104          793          95,1          999,2
3          4            104          733          95,1          1001,1
3          4            104          683          95,1          1001,2
3          5            103          879          95,1          966,7
3          5            103          809          95,1          966,8
3          5            103          858          95,1          966,7
3          5            103          872          95,1          966,9
3          5            103          851          95,1          966,7
3          5            103          891          95,1          966,7
3          5            103          920          95,1          966,7
3          5            103          857          95,1          966,7
3          5            103          885          95,1          966,7
3          5            103          851          95,1          966,7
3          6            98          1081          95,1          895,7
3          6            98          1066          95,1          909,2
3          6            100          1029          95,1          927,9
3          6            100          1071          95,1          928,5
3          6            98          1073          95,1          908,7
3          6            98          1093          95,1          909
3          6            98          1165          95,1          909
3          6            98          1194          95,1          909
3          6            98          1433          95          909,1
3          6            98          1663          95,1          897,9
3          7            95          1308          95,2          631,4
3          7            105          1508          95,2          630,8
3          7            87          1762          95,3          631,5
3          7            85          1616          95,2          630,8
3          7            86          1375          95,5          642,8
3          7            95          1308          95,2          631,4
3          7            105          1508          95,2          630,8
3          7            90          1762          95,3          631,5
3          7            102          1616          95,2          630,8
3          7            76          1675          95,5          642,8
3          8            85          1417          95,3          700,9
3          8            85          1316          95,3          701
3          8            85          1357          95,3          700,9
3          8            85          1361          95,3          700,9
3          8            85          1422          95,3          700,9
3          8            85          1359          95,3          700,9
3          8            85          1393          95,3          700,9
3          8            85          1603          95,3          701
3          8            85          1345          95,3          700,8
3          8            85          1376          95,3          700,9
3          9            76          1648          95,4          615,9
3          9            79          1549          95,2          588,4
3          9            79          1578          95,2          589,6
3          9            79          1698          95,2          589,6
3          9            79          1490          95,2          589,6
3          9            79          1544          95,2          588,4
3          9            79          1550          95,2          589,6
3          9            79          1480          95,2          589,6
3          9            79          1559          95,2          589,6
3          9            79          1691          95,2          589,6
3          10            75          3429          95,3          500,8
3          10            75          3812          95,3          501,7
3          10            75          3139          95,3          500,9
3          10            75          3011          95,3          501,1
3          10            75          3449          95,3          501,8
3          10            75          3832          95,3          501,7
3          10            75          3132          95,3          500,9
3          10            75          3015          95,3          500,1
3          10            75          3449          95,3          500,8
3          10            75          3842          95,3          501,8
4          2            103          1224          95,9          986,2
4          2            104          899          95,9          980,5
4          2            114          1224          96,9          986,2
4          2            101          899          96,2          980,5
4          2            101          1224          95,9          986,2
4          2            101          899          95,9          980,5
4          2            104          1224          95,9          986,2
4          2            101          899          95,9          980,5
4          2            101          1224          95,9          986,2
4          2            101          899          95,9          980,5
4          3            119          1379          97,8          945,2
4          3            89          1131          95,8          945,2
4          3            88          1379          95,8          945,2
4          3            89          1131          95,8          945,2
4          3            88          1379          95,8          945,2
4          3            119         1131          97,4          945,2
4          3            114         1379          95,8          945,2
4          3            86          1131          95,8          945,2
4          3            88          1379          95,7          945,2
4          3            89          1131          95,8          945,2
4          4            64          1957          95          601,3
4          4            69          1497          95,1          601,3
4          4            66          1957          95          601,3
4          4            64          1497          95          601,3
4          4            64          1957          95          601,3
4          4            76          1497          95          630,2
4          4            76          1957          95          601,3
4          4            56          1497          95          601,3
4          4            58          1957          95          601,3
4          4            93          1497          95          651,3
4          5            46          2160          95,1          413,1
4          5            53          1634          95,1          413,1
4          5            46          2160          95,1          401,3
4          5            56          1634          95,1          413,1
4          5            72          2160          97,3          443,5
4          5            66          1634          95,1          416,2
4          5            42          2160          95,1          413,1
4          5            42          1634          95,1          413,1
4          5            42          2160          95,1          413,1
4          5            46          1634          95,1          415
4          6            76          2580          95          702
4          6            56          1981          95          702
4          6            36          2580          95          702
4          6            49          1981          95          702
4          6            49          2580          95          702
4          6            49          1981          95          702
4          6            49          2580          95          702
4          6            43          1981          95          702
4          6            41          2580          95          702
4          6            44          1981          95          702
4          7            43          2934          95,2          364,9
4          7            56          2212          95,2          364,9
4          7            56          2934          95,2          364,9
4          7            37          2212          95,2          364,9
4          7            43          2934          95,2          364,9
4          7            43          2212          95,2          364,9
4          7            34          2934          95,2          364,9
4          7            33          2212          95,2          364,9
4          7            43          2934          95,2          364,9
4          7            43          2212          95,2          364,9
4          7            43          2934          95,2          364,9
4          7            43          2212          95,2          364,9
4          8            46          3070          95,1          574,5
4          8            47          2748          95,1          573,1
4          8            56          3070          95,1          574,5
4          8            34          2748          95,1          573,1
4          8            34          3070          95,1          574,5
4          8            34          2748          95,1          573,1
4          8            34          3070          95,1          574,5
4          8            32          2748          95,1          573,1
4          8            66          3070          95,1          574,5
4          8            52          2748          95,1          573,1
4          9            46          3070          95,1          574,5
4          9            36          2748          95,1          573,1
4          9            36          3070          95,1          574,5
4          9            36          2748          95,1          573,1
4          9            32          3070          95,1          574,5
4          9            31          2748          95,1          573,1
4          9            36          3070          95,1          574,5
4          9            46          2748          95,1          573,1
4          9            44          3070          95,1          574,5
4          9            31          2748          95,1          573,1
4          10            31          3070          95,1          574,5
4          10            31          2748          95,1          573,1
4          10            43          3070          95,1          574,5
4          10            34          2748          95,1          573,1
4          10            34          3070          95,1          574,5
4          10            37          2748          95,1          573,1
4          10            38          3070          95,1          574,5
4          10            31          2748          95,1          573,1
4          10            43          3070          95,1          574,5
4          10            45          2748          95,1          573,1
5          2            362          359          95          3607,2
5          2            353          339          95          3607,2
5          2            347          359          95          3607,2
5          2            362          339          95          3607,2
5          2            362          359          95          3607,2
5          2            354          339          95          3607,2
5          2            352          359          95          3607,2
5          2            312          339          95          3607,2
5          2            332          359          95          3607,2
5          2            362          339          95          3607,2
5          3            237          519          95,7          2052
5          3            237          520          95,7          2052
5          3            242          519          95,7          2052
5          3            242          520          95,7          2052
5          3            223          519          95,7          2052
5          3            224          520          95,7          2052
5          3            207          519          95,7          2052
5          3            207          520          95,7          2052
5          3            207          519          95,7          2052
5          3            207          520          95,7          2052
5          4            184          617          95,7          2510
5          4            183          608          95          2211
5          4            204          617          95,7          2510
5          4            183          608          95          2211
5          4            204          617          95,7          2510
5          4            183          608          95          2211
5          4            204          617          95,7          2510
5          4            213          608          95          2211
5          4            204          617          95,7          2510
5          4            183          608          95          2211
5          5            197          782          95          1914,8
5          5            154          760          97,7          1504
5          5            197          782          95          1914,8
5          5            154          760          97,7          1504
5          5            197          782          95          1914,8
5          5            154          760          97,7          1504
5          5            197          782          95          1914,8
5          5            154          760          97,7          1504
5          5            197          782          95          1914,8
5          5            154          760          97,7          1504
5          6            154          1025          95          1502,1
5          6            171          919          95,1          1647,5
5          6            154          1025          95          1502,1
5          6            171          919          95,1          1647,5
5          6            154          1025          95          1502,1
5          6            171          919          95,1          1647,5
5          6            154          1025          95          1502,1
5          6            171          919          95,1          1647,5
5          6            154          1025          95          1502,1
5          6            171          919          95,1          1647,5
5          7            134          1352          95,7          1289,7
5          7            139          1844          95,7          1290,6
5          7            134          1352          95,7          1289,7
5          7            139          1844          95,7          1290,6
5          7            134          1352          95,7          1289,7
5          7            139          1844          95,7          1290,6
5          7            134          1352          95,7          1289,7
5          7            139          1844          95,7          1290,6
5          7            134          1352          95,7          1289,7
5          7            139          1844          95,7          1290,6
5          8            153          13896          95,1          1445
5          8            163          2558          95,1          1543,8
5          8            153          13896          95,1          1445
5          8            163          2558          95,1          1543,8
5          8            153          13896          95,1          1445
5          8            163          2558          95,1          1543,8
5          8            153          13896          95,1          1445
5          8            163          2558          95,1          1543,8
5          8            153          13896          95,1          1445
5          8            163          2558          95,1          1543,8
5          9            143          13896          95,1          1445
5          9            162          2558          95,1          1543,8
5          9            145          13896          95,1          1445
5          9            145          2558          95,1          1543,8
5          9            153          13896          95,1          1445
5          9            163          2558          95,1          1543,8
5          9            153          13896          95,1          1445
5          9            163          2558          95,1          1543,8
5          9            153          13896          95,1          1445
5          9            163          2558          95,1          1543,8
5          10            146          13896          95,1          1445
5          10            136          2558          95,1          1543,8
5          10            143          13896          95,1          1445
5          10            141          2558          95,1          1543,8
5          10            151          13896          95,1          1445
5          10            145          2558          95,1          1543,8
5          10            153          13896          95,1          1445
5          10            134          2558          95,1          1543,8
5          10            153          13896          95,1          1445
5          10            141          2558          95,1          1543,8
6          2            233          1072          95          2313,3
6          2            221          1018          95          2313,3
6          2            233          1072          95          2313,3
6          2            221          1018          95          2313,3
6          2            233          1072          95          2313,3
6          2            221          1018          95          2313,3
6          2            233          1072          95          2313,3
6          2            221          1018          95          2313,3
6          2            233          1072          95          2313,3
6          2            221          1018          95          2313,3
6          3            117          1930          96,2          1134,7
6          3            106          3494          95,4          1031,9
6          3            117          1930          96,2          1134,7
6          3            106          3494          95,4          1031,9
6          3            117          1930          96,2          1134,7
6          3            106          3494          95,4          1031,9
6          3            117          1930          96,2          1134,7
6          3            106          3494          95,4          1031,9
6          3            117          1930          96,2          1134,7
6          3            106          3494          95,4          1031,9
6          4            101          3660          95          1033,4
6          4            107          5888          95,3          1036,3
6          4            101          3660          95          1033,4
6          4            107          5888          95,3          1036,3
6          4            101          3660          95          1033,4
6          4            107          5888          95,3          1036,3
6          4            101          3660          95          1033,4
6          4            107          5888          95,3          1036,3
6          4            101          3660          95          1033,4
6          4            107          5888          95,3          1036,3
6          5            79          1531          95          837,2
6          5            91          1371          95          837,2
6          5            79          1531          95          837,2
6          5            91          1371          95          837,2
6          5            79          1531          95          837,2
6          5            91          1371          95          837,2
6          5            79          1531          95          837,2
6          5            91          1371          95          837,2
6          5            79          1531          95          837,2
6          5            91          1371          95          837,2
6          6            69          2296          95,2          689,6
6          6            77          1876          95,9          699
6          7            71          2144          95,2          724,9
6          7            80          1904          95,2          724,9
6          7            71          2144          95,2          724,9
6          7            80          1904          95,2          724,9
6          7            71          2144          95,2          724,9
6          7            80          1904          95,2          724,9
6          7            71          2144          95,2          724,9
6          7            80          1904          95,2          724,9
6          7            71          2144          95,2          724,9
6          7            80          1904          95,2          724,9
6          8            70          61662          96,1          619,9
6          8            79          2497          95          712,7
6          8            70          61662          96,1          619,9
6          8            79          2497          95          712,7
6          8            70          61662          96,1          619,9
6          8            79          2497          95          712,7
6          8            70          61662          96,1          619,9
6          8            79          2497          95          712,7
6          8            70          61662          96,1          619,9
6          8            79          2497          95          712,7
6          9            71          61662          96,1          619,9
6          9            78          2497          95          712,7
6          9            70          61662          96,1          619,9
6          9            79          2497          95          712,7
6          9            70          61662          96,1          619,9
6          9            79          2497          95          712,7
6          9            70          61662          96,1          619,9
6          9            65          2497          95          712,7
6          9            64          61662          96,1          619,9
6          9            69          2497          95          712,7
6          10            60          61662          96,1          619,9
6          10            68          2497          95          712,7
6          10            62          61662          96,1          619,9
6          10            66          2497          95          712,7
6          10            60          61662          96,1          619,9
6          10            68          2497          95          712,7
6          10            60          61662          96,1          619,9
6          10            61          2497          95          712,7
6          10            60          61662          96,1          619,9
6          10            68          2497          95          712,7